0.0 0.0 0.25249999999999995 0.35 0.4809523809523809 
0.6 0.0 0.0 0.3999999999999999 0.7485714285714286 
0.0 0.19999999999999996 0.3371428571428571 0.34285714285714275 0.4181612038754896 
0.9872611464968153 0.4117647058823529 0.23764705882352932 0.0117647058823529 0.8786789271335889 
0.9607843137254902 0.43333333333333324 0.0 0.033333333333333326 0.9208935547018049 
0.33333333333333326 0.15000000000000002 0.5025 0.10000000000000009 0.5584616933454143 
0.8823529411764706 0.55 0.08499999999999996 0.050000000000000044 0.8694898748029678 
0.9872611464968153 0.4117647058823529 0.23764705882352932 0.0117647058823529 0.8786789271335889 
0.33333333333333326 0.11999999999999988 0.1359999999999999 0.5599999999999999 0.5403174603174603 
0.33333333333333326 0.15000000000000002 0.5025 0.10000000000000009 0.5584616933454143 
0.0 0.11999999999999988 0.404 0.19999999999999996 0.4574891774891774 
0.5 0.08000000000000007 0.33799999999999997 0.31999999999999995 0.5238095238095238 
0.33333333333333326 0.1333333333333333 0.11333333333333329 0.33333333333333337 0.6160110420979986 
0.6666666666666666 0.1428571428571429 0.24142857142857133 0.4285714285714286 0.5811791383219954 
0.8 0.19999999999999984 0.2816666666666666 0.20000000000000007 0.6545665445665445 
0.5 0.15999999999999992 0.404 0.15999999999999992 0.5432034632034632 
0.9523809523809523 0.24444444444444446 0.3733333333333333 0.04444444444444451 0.7612365494180211 
0.6 0.19999999999999996 0.47 0.08000000000000007 0.6134360213429981 
0.7142857142857143 0.0 0.22666666666666657 0.4666666666666667 0.5936507936507937 
0.7777777777777778 0.0 0.33499999999999996 0.19999999999999996 0.6317460317460317 
0.9813084112149533 0.34545454545454546 0.030909090909090886 0.036363636363636265 0.8986098971158708 
0.9375 0.17142857142857137 0.4314285714285714 0.05714285714285716 0.7405537015586849 
0.9523809523809523 0.05714285714285716 0.1914285714285714 0.17142857142857149 0.7584019155447727 
0.33333333333333326 0.050000000000000044 0.41999999999999993 0.30000000000000004 0.53421926910299 
0.9459459459459459 0.033333333333333326 0.11166666666666669 0.16666666666666663 0.790291681468152 
0.96 0.1777777777777778 0.26111111111111107 0.04444444444444451 0.7748486344991431 
0.6666666666666666 0.19999999999999996 0.41999999999999993 0.10000000000000009 0.5873376623376624 
0.9523809523809523 0.20000000000000018 0.37749999999999995 0.050000000000000044 0.7647729323594408 
0.6 0.0 0.0 0.3999999999999999 0.7485714285714286 
0.7142857142857143 0.1333333333333333 0.33666666666666667 0.1333333333333333 0.626984126984127 
0.9789473684210527 0.35 0.30833333333333324 0.016666666666666607 0.8496995038359565 
0.875 0.4666666666666667 0.0 0.06666666666666676 0.9085495249473744 
0.9622641509433962 0.22499999999999998 0.16874999999999996 0.050000000000000044 0.8128376203798731 
0.9661016949152542 0.15999999999999992 0.16799999999999993 0.21999999999999997 0.7448900531847343 
0.9591836734693877 0.4888888888888888 0.29888888888888887 0.022222222222222143 0.8319004827050807 
0.9459459459459459 0.0 0.05666666666666664 0.3666666666666667 0.7869303369303369 
0.5 0.0 0.11333333333333329 0.5333333333333332 0.6079365079365079 
0.9743589743589743 0.25454545454545463 0.2445454545454545 0.036363636363636265 0.8093040284885368 
0.7777777777777778 0.5 0.16999999999999993 0.050000000000000044 0.788389656938044 
0.0 0.10000000000000009 0.3933333333333333 0.4 0.4272486772486772 
0.0 0.0 0.16999999999999993 0.5 0.4809523809523809 
0.986013986013986 0.3866666666666667 0.17999999999999994 0.013333333333333308 0.8932760036401572 
0.0 0.16666666666666663 0.44833333333333336 0.2666666666666667 0.4434102934102935 
0.9622641509433962 0.11111111111111116 0.22444444444444445 0.11111111111111116 0.7491121476323104 
0.8 0.0 0.11333333333333329 0.19999999999999984 0.7552380952380953 
0.9811320754716981 0.36363636363636376 0.06181818181818177 0.018181818181818077 0.8996455804357606 
0.0 0.11999999999999988 0.20199999999999996 0.5199999999999999 0.44698412698412693 
0.9230769230769231 0.08571428571428574 0.19285714285714284 0.2571428571428571 0.7093699018068766 
0.33333333333333326 0.3500000000000001 0.41999999999999993 0.050000000000000044 0.6346521695358904 
0.33333333333333326 0.11999999999999988 0.1359999999999999 0.5599999999999999 0.5403174603174603 
0.0 0.15000000000000002 0.08499999999999996 0.5 0.5253968253968253 
0.33333333333333326 0.11999999999999988 0.20199999999999996 0.44000000000000006 0.5403174603174603 
0.8181818181818182 0.0 0.16749999999999998 0.25 0.7138195138195138 
0.8 0.24 0.20199999999999996 0.24 0.6805415499533147 
0.6 0.36 0.404 0.040000000000000036 0.674388402295379 
0.0 0.24 0.20399999999999996 0.4 0.4936507936507937 
0.0 0.06666666666666676 0.44666666666666666 0.1333333333333333 0.5345145810262089 
0.96 0.09999999999999998 0.04249999999999998 0.375 0.7840967104790634 
0.8333333333333334 0.11999999999999988 0.06799999999999995 0.48 0.6957020757020758 
0.8947368421052632 0.5199999999999999 0.1359999999999999 0.040000000000000036 0.8333627976751916 
0.9615384615384616 0.07500000000000007 0.16874999999999996 0.125 0.773094878977232 
0.8181818181818182 0.4800000000000001 0.27 0.040000000000000036 0.7430160883892227 
0.0 0.09999999999999998 0.25249999999999995 0.25 0.5059523809523809 
0.96875 0.2727272727272727 0.2754545454545454 0.036363636363636265 0.7910854063933324 
0.9473684210526315 0.08571428571428574 0.19285714285714284 0.1428571428571429 0.7532304689757144 
0.978021978021978 0.28 0.06699999999999995 0.05999999999999994 0.8689047315426228 
0.9861111111111112 0.38749999999999996 0.21062499999999995 0.012499999999999956 0.87251812598452 
0.9354838709677419 0.10000000000000009 0.29499999999999993 0.22499999999999998 0.6738211609179351 
0.96875 0.15555555555555556 0.2977777777777777 0.04444444444444451 0.8018511597516683 
0.9 0.3999999999999998 0.24142857142857133 0.05714285714285716 0.7698001009802251 
0.9629629629629629 0.09999999999999998 0.08374999999999999 0.25 0.7878639062462591 
0.5 0.25 0.41999999999999993 0.050000000000000044 0.650128360012081 
0.95 0.22857142857142854 0.24 0.08571428571428574 0.7616174250736463 
0.33333333333333326 0.050000000000000044 0.3375 0.25 0.5476190476190477 
0.9473684210526315 0.47499999999999987 0.25249999999999995 0.025000000000000022 0.81671207630579 
0.9166666666666666 0.46666666666666656 0.16999999999999993 0.06666666666666676 0.8242385953828739 
0.33333333333333326 0.33333333333333337 0.22666666666666657 0.33333333333333337 0.5732804232804233 
0.0 0.0 0.3375 0.35 0.4547619047619047 
0.0 0.11999999999999988 0.20199999999999996 0.5199999999999999 0.44698412698412693 
0.33333333333333326 0.2666666666666666 0.3933333333333333 0.1333333333333333 0.5312409812409813 
0.9642857142857143 0.11111111111111116 0.18666666666666665 0.1333333333333333 0.7685640793483931 
0.6 0.08000000000000007 0.4039999999999999 0.31999999999999995 0.5165367965367965 
0.9848484848484849 0.3733333333333334 0.2466666666666666 0.013333333333333308 0.8671721720622934 
0.0 0.040000000000000036 0.33799999999999997 0.36 0.4380952380952381 
0.9512195121951219 0.5249999999999999 0.16874999999999996 0.025000000000000022 0.8286795382896714 
0.9789473684210527 0.4 0.19666666666666666 0.016666666666666607 0.8574940412014787 
0.8666666666666667 0.08000000000000007 0.20399999999999996 0.31999999999999995 0.686031746031746 
0.75 0.19999999999999996 0.16749999999999998 0.30000000000000004 0.6756769374416434 
0.9655172413793104 0.125 0.12624999999999997 0.07500000000000007 0.8108471566845321 
0.0 0.19999999999999996 0.404 0.11999999999999988 0.4774891774891774 
0.9642857142857143 0.08571428571428563 0.09571428571428575 0.08571428571428574 0.8274213810384801 
0.9811320754716981 0.3999999999999999 0.1561538461538461 0.01538461538461533 0.862903743658977 
0.9772727272727273 0.2909090909090909 0.21363636363636362 0.018181818181818077 0.8521003558931057 
0.9487179487179487 0.07500000000000007 0.20999999999999996 0.22499999999999998 0.7193583377406907 
0.975609756097561 0.36 0.10099999999999998 0.019999999999999907 0.8588834387581316 
0.7777777777777778 0.19999999999999996 0.06799999999999995 0.4800000000000001 0.6883367839889579 
0.9285714285714286 0.11428571428571421 0.14428571428571424 0.37142857142857133 0.705828998265973 
0.0 0.22857142857142854 0.38571428571428557 0.22857142857142865 0.4363017934446507 
0.5 0.20000000000000007 0.0 0.5333333333333332 0.6671957671957672 
0.9622641509433962 0.2857142857142857 0.09571428571428575 0.05714285714285716 0.8460627094157142 
0.9636363636363636 0.08888888888888902 0.11222222222222222 0.3111111111111111 0.7514869589379394 
0.33333333333333326 0.1333333333333333 0.11333333333333329 0.33333333333333337 0.6160110420979986 
0.8571428571428571 0.11999999999999988 0.4019999999999999 0.08000000000000007 0.7002492081561849 
0.9813084112149533 0.32727272727272727 0.12272727272727268 0.018181818181818077 0.896751670892289 
0.9375 0.040000000000000036 0.134 0.08000000000000007 0.794537276449041 
0.96 0.09999999999999998 0.04249999999999998 0.375 0.7840967104790634 
0.95 0.5428571428571429 0.09714285714285709 0.02857142857142858 0.8676926747384017 
0.9682539682539683 0.43999999999999995 0.2689999999999999 0.019999999999999907 0.8397081668608765 
0.9444444444444444 0.42222222222222217 0.26222222222222213 0.06666666666666665 0.7672043982399637 
0.9130434782608695 0.1428571428571429 0.2885714285714285 0.11428571428571421 0.6967262307781124 
0.98 0.34545454545454546 0.0918181818181818 0.036363636363636265 0.868164959393182 
0.9512195121951219 0.08888888888888902 0.1499999999999999 0.33333333333333337 0.714435687415123 
0.92 0.52 0.06799999999999995 0.040000000000000036 0.8775458640367476 
0.0 0.22857142857142854 0.38571428571428557 0.22857142857142865 0.4363017934446507 
0.8888888888888888 0.2333333333333334 0.3916666666666666 0.06666666666666676 0.7175458908017047 
0.9574468085106383 0.1333333333333333 0.11222222222222222 0.28888888888888886 0.7485313882241201 
0.9090909090909091 0.17142857142857149 0.19285714285714284 0.2857142857142857 0.6884321094405128 
0.9672131147540983 0.44999999999999996 0.04249999999999998 0.025000000000000022 0.8967743920799529 
0.9827586206896551 0.3571428571428571 0.21642857142857141 0.014285714285714235 0.8602386956311376 
0.9682539682539683 0.4444444444444443 0.07555555555555549 0.022222222222222143 0.874390143987801 
0.33333333333333326 0.15000000000000002 0.16749999999999998 0.44999999999999996 0.5587301587301587 
0.9615384615384616 0.19999999999999996 0.29374999999999996 0.025000000000000022 0.8178864854729939 
0.9534883720930233 0.19999999999999996 0.46124999999999994 0.050000000000000044 0.7647835977086835 
0.7142857142857143 0.0 0.22666666666666657 0.4666666666666667 0.5936507936507937 
0.92 0.05714285714285716 0.24142857142857133 0.22857142857142854 0.6834243851386709 
0.0 0.19999999999999996 0.3371428571428571 0.34285714285714275 0.4181612038754896 
0.8823529411764706 0.55 0.08499999999999996 0.050000000000000044 0.8694898748029678 
0.7142857142857143 0.15000000000000002 0.08499999999999996 0.44999999999999996 0.6612942612942613 
0.9696969696969697 0.31428571428571417 0.0485714285714286 0.02857142857142858 0.9135218500982759 
0.9310344827586207 0.17142857142857149 0.14571428571428569 0.3142857142857143 0.7371052045928893 
0.75 0.19999999999999996 0.16749999999999998 0.30000000000000004 0.6756769374416434 
0.9809523809523809 0.31666666666666676 0.14 0.033333333333333215 0.8628478742900578 
0.9767441860465116 0.2727272727272727 0.3063636363636363 0.018181818181818077 0.8370338302351872 
0.9487179487179487 0.09999999999999998 0.12624999999999997 0.32499999999999996 0.7294593478417007 
0.981651376146789 0.3076923076923077 0.25923076923076915 0.01538461538461533 0.8512287958511926 
0.6 0.31999999999999995 0.404 0.08000000000000007 0.5974891774891775 
0.9473684210526315 0.11428571428571421 0.0485714285714286 0.34285714285714275 0.7681964553702723 
0.9459459459459459 0.43333333333333335 0.05666666666666664 0.033333333333333326 0.8802855644733214 
0.6 0.0 0.0 0.09999999999999998 0.8013186813186812 
0.875 0.08000000000000007 0.20199999999999996 0.15999999999999992 0.7199912406434146 
0.9805825242718447 0.41538461538461535 0.23307692307692307 0.01538461538461533 0.8611492853253344 
0.0 0.08000000000000007 0.33599999999999997 0.36 0.4308225108225108 
0.5 0.16666666666666663 0.3933333333333333 0.16666666666666663 0.5645743145743146 
0.33333333333333326 0.1499999999999999 0.3375 0.19999999999999996 0.5718614718614718 
0.0 0.06666666666666676 0.33666666666666667 0.33333333333333337 0.5345145810262089 
0.975 0.2666666666666666 0.0377777777777778 0.04444444444444451 0.8830159049253898 
0.7777777777777778 0.0 0.33499999999999996 0.19999999999999996 0.6317460317460317 
0.9459459459459459 0.0 0.05666666666666664 0.3666666666666667 0.7869303369303369 
0.0 0.24 0.27 0.2799999999999999 0.4936507936507937 
0.975 0.3111111111111111 0.07444444444444442 0.06666666666666665 0.8678978091621328 
0.9230769230769231 0.4285714285714286 0.2885714285714285 0.02857142857142858 0.7908601829546722 
0.0 0.19999999999999996 0.268 0.36 0.46637806637806634 
0.9722222222222222 0.4545454545454546 0.21454545454545448 0.018181818181818077 0.8480075483382375 
0.9512195121951219 0.4571428571428572 0.09714285714285709 0.02857142857142858 0.8588197680606171 
0.0 0.31428571428571417 0.2899999999999999 0.3142857142857143 0.461698618841476 
0.9583333333333334 0.1333333333333333 0.07555555555555549 0.3111111111111111 0.7635235080034739 
0.9726027397260274 0.33999999999999997 0.236 0.019999999999999907 0.8352575207988238 
0.9534883720930233 0.19999999999999996 0.46124999999999994 0.050000000000000044 0.7647835977086835 
0.33333333333333326 0.2999999999999998 0.3933333333333333 0.10000000000000009 0.5598124098124098 
0.9 0.24 0.268 0.08000000000000007 0.7338119591850936 
0.9649122807017544 0.125 0.16749999999999998 0.07500000000000007 0.7936807100035663 
0.9583333333333334 0.15000000000000002 0.25125 0.050000000000000044 0.7848713804782026 
0.875 0.4666666666666667 0.0 0.06666666666666676 0.9085495249473744 
0.9428571428571428 0.4666666666666667 0.16999999999999993 0.033333333333333326 0.8531514721837303 
0.0 0.16666666666666663 0.44833333333333336 0.2666666666666667 0.4434102934102935 
0.967741935483871 0.1333333333333333 0.07444444444444442 0.2222222222222222 0.7999731296681494 
0.9090909090909091 0.11428571428571421 0.24 0.20000000000000007 0.7046783444298972 
0.9459459459459459 0.0 0.11166666666666669 0.2666666666666667 0.7869303369303369 
0.9821428571428571 0.41538461538461535 0.13 0.01538461538461533 0.8880388639687724 
0.9444444444444444 0.0 0.134 0.11999999999999988 0.7969719169719169 
0.9818181818181818 0.3500000000000001 0.14083333333333325 0.016666666666666607 0.8847130292362909 
0.9565217391304348 0.1499999999999999 0.04249999999999998 0.29999999999999993 0.784643294329995 
0.5 0.08000000000000007 0.2699999999999999 0.28 0.5847619047619047 
0.9047619047619048 0.0 0.08499999999999996 0.1499999999999999 0.7966117216117217 
0.8461538461538461 0.3666666666666666 0.33666666666666656 0.033333333333333326 0.7471631334624257 
0.9705882352941176 0.2749999999999999 0.12749999999999995 0.025000000000000022 0.8831320490076999 
0.8333333333333334 0.15999999999999992 0.33599999999999997 0.08000000000000007 0.66987012987013 
0.978021978021978 0.38 0.03400000000000003 0.019999999999999907 0.8970763208534527 
0.9393939393939394 0.1499999999999999 0.12624999999999997 0.32499999999999996 0.7270510677160293 
0.9047619047619048 0.0 0.08499999999999996 0.1499999999999999 0.7966117216117217 
0.9047619047619048 0.08000000000000007 0.268 0.08000000000000007 0.7195404595404595 
0.33333333333333326 0.15999999999999992 0.20399999999999996 0.4 0.5657142857142856 
0.9444444444444444 0.4285714285714286 0.14571428571428569 0.05714285714285716 0.8390765924943775 
0.8571428571428571 0.11999999999999988 0.4019999999999999 0.08000000000000007 0.7002492081561849 
0.0 0.19999999999999996 0.268 0.36 0.46637806637806634 
0.8181818181818182 0.0 0.16999999999999993 0.35 0.6767316017316017 
0.8888888888888888 0.2333333333333334 0.3916666666666666 0.06666666666666676 0.7175458908017047 
0.0 0.24 0.33599999999999997 0.19999999999999996 0.49177489177489175 
0.0 0.10000000000000009 0.3933333333333333 0.4 0.4272486772486772 
0.7777777777777778 0.5 0.16999999999999993 0.050000000000000044 0.788389656938044 
0.9545454545454546 0.29999999999999993 0.05666666666666664 0.033333333333333326 0.8708253419696206 
0.95 0.5428571428571429 0.09714285714285709 0.02857142857142858 0.8676926747384017 
0.0 0.09999999999999998 0.25249999999999995 0.25 0.5059523809523809 
0.9767441860465116 0.41666666666666663 0.19666666666666666 0.016666666666666607 0.8527816824452794 
0.8947368421052632 0.33333333333333337 0.2799999999999999 0.06666666666666676 0.7269121839069583 
0.33333333333333326 0.09999999999999998 0.16999999999999993 0.30000000000000004 0.6059523809523809 
0.0 0.06666666666666676 0.44666666666666666 0.1333333333333333 0.5345145810262089 
0.9831932773109243 0.3285714285714286 0.24071428571428566 0.014285714285714235 0.8576687632353701 
0.8823529411764706 0.37142857142857133 0.2885714285714285 0.05714285714285716 0.7227332742495329 
0.8 0.0 0.11333333333333329 0.19999999999999984 0.7552380952380953 
